0,0
1,1
2,2
3,3
4,4
5,5
6,6
7,7
8,8
9,9
10,10
11,11
12,12
13,13
14,14
15,15
16,16
17,17
18,18
19,19
20,20
21,21
22,22
23,23
24,24
25,25
26,26
27,27
28,28
29,29
30,30
31,31
32,32
33,33
34,34
35,35
36,36
37,37
38,38
39,39
40,40
41,41
42,42
43,43
44,44
45,45
46,46
47,47
48,48
49,49
50,50
51,51
52,52
53,53
54,54
55,55
56,56
57,57
58,58
59,59
60,60
61,61
62,62
63,63
64,64
65,65
66,66
67,67
68,68
69,69
70,70
71,71
72,72
73,73
74,74
75,75
76,76
77,77
78,78
79,79
80,80
81,81
82,82
83,83
84,84
85,85
86,86
87,87
88,88
89,89
90,90
91,91
92,92
93,93
94,94
95,95
96,96
97,97
98,98
99,99
100,100
101,101
102,102
103,103
104,104
105,105
106,106
107,107
108,108
109,109
110,110
111,111
112,112
113,113
114,114
115,115
116,116
117,117
118,118
119,119
120,120
121,121
122,122
123,123
124,124
125,125
126,126
127,127

1,127,0.750004
2,66,0.815769
3,0,1.127803
4,73,0.979325
5,6,1.016384
6,47,0.859480
7,15,0.773522
7,24,1.089432
9,109,1.089648
10,95,1.217346
10,101,0.941751
12,33,1.009708
12,45,1.165483
13,15,0.767286
13,56,0.776731
14,23,1.014850
14,44,1.085575
14,78,0.753849
15,47,0.941708
17,21,0.958743
17,67,1.093386
18,3,1.044488
20,92,1.215218
22,23,1.173083
23,93,1.013464
23,94,0.795982
26,92,1.076959
26,95,0.958000
28,19,1.100595
28,89,1.205160
31,23,1.131099
33,51,0.881226
34,38,0.773732
36,23,1.118041
36,40,0.914117
36,44,1.066319
39,48,1.128205
40,33,1.245519
40,120,0.932669
41,35,0.873519
42,72,1.241275
42,123,1.111330
44,3,1.126678
44,96,1.075759
46,6,0.786343
47,44,1.065817
49,52,1.192354
50,4,0.886355
52,58,0.968206
52,117,1.133247
53,38,0.988866
54,13,0.868887
55,23,0.887453
55,54,0.929632
57,59,0.833254
59,35,0.993259
60,48,1.198828
63,15,1.204604
63,61,0.780282
63,125,1.002261
64,2,1.008146
66,17,1.243321
70,93,0.996988
70,104,0.883072
71,47,0.795366
72,64,1.223882
73,74,0.786875
73,108,1.000354
74,94,0.942071
75,127,0.888541
76,9,1.206909
79,44,1.014874
79,77,0.982223
80,74,1.220490
83,124,0.775042
86,125,1.130757
87,81,1.135102
87,93,1.163909
88,40,0.812683
88,90,0.757934
89,24,1.094228
89,30,1.184124
89,88,1.064772
89,118,1.118112
91,83,1.112706
91,95,1.249729
91,107,1.194286
92,30,0.866597
93,92,0.903161
93,125,0.925508
94,14,1.006637
96,112,1.045557
97,33,1.172991
97,50,0.956040
97,123,1.170755
100,110,0.884659
100,112,0.957697
102,54,1.018652
104,24,0.983959
104,89,0.893606
105,55,0.839164
106,6,0.826860
106,34,1.035827
106,107,1.151203
107,98,0.766527
107,109,1.017225
108,34,0.999240
108,67,1.227680
109,50,1.124146
109,127,1.027292
110,14,1.195369
110,118,1.171020
113,73,0.829884
116,32,0.856376
116,125,1.107355
117,31,0.815214
117,33,0.795495
118,112,0.887294
119,104,0.751500
123,87,0.957147
123,114,0.763438
126,6,1.104910
126,63,1.218949
126,109,0.869955
